[hp.jpg]
filters=finetune2=1,0.000000,0.000000,0.148772,00000000,0.000000;CrossProcess=1,39.766083;Soften=1,40.935673,28.070175;
moddate=7b3b161c717fcf01
width=1600
height=1161
textactive=0
